100
120 221
4 4
1 584
9 121
121 584
4 302
34 333
585 992
4 109
285 913
9 484
570 927
1 104
33 756
1 1
1 742
298 578
3 104
121 484
1 10
199 548
7 302
1 485
121 742
889 970
164 604
3 109
1 5
55 640
1 1000
4 584
4 742
240 463
162 632
55 150
165 900
120 122
21 485
7 121
484 742
65 742
3 122
511 548
121 122
7 10
1 2
9 109
10 120
3 65
9 221
667 832
121 134
1 221
384 742
647 991
439 608
65 485
122 1000
483 584
303 484
9 742
1 4
4 104
8 122
1 109
21 122
8 65
1 484
120 484
1 65
467 489
3 4
93 147
241 848
7 484
7 109
7 9
236 405
1 302
1 6
21 584
3 5
4 10
198 524
100 1000
9 65
120 121
241 560
120 485
8 221
21 484
134 240
3 6
122 483
233 847
267 782
147 625
7 122
9 122
132 507
